Время: 1 ms.

104177 105017 133693 119230 123337 119293 104987 106339 119757 124297 122434 107070 120423 127976 111161 115101 134516 112806 100031 113835 132765 104749 129215 103238 106659 124694 118952 102945 102132 110658 123138 127063 125782 110177 128202 117216 122370 116459 101950 119669 
 86098  87276 118892 110556 112865 100055 109968 103088 109763 102678 104788  91364  99521 106071 106155 108208 109395  97882  95746 100266 120261  82239 112914  94427  92525 109901 112967  92405  99779  93586 120616 109945 121992 105606 118100 102113 107646  88896  91425 106783 
 82724  95450 108168 101547 100096  98943 101602  97582  99314  99490 107398  91450 105684 107716 106648  96872 114520  94922  80096 101753  99059  82142 108154  75362  91045 106253 116802  91631  90029  99520 102975 108125 106994  85321 117599 108136 101881  95702  71961  96559 
 79024  81541 115665 109543 103336 101613 103775  99941 102868 108825 109357  94565 104979 110627 110901 102725 106642 108355  82048 102437 118281  80924 108201  80364  92366 111652 114781  88322  96794  99647 112639 104301 108130  96906 110847  98872 111158  85325  85578  95210 
 69119  82026  92368  78972  86263  75281  80726  75923  73787  72729  79004  75804  79691  85878  74678  76442  88774  72618  59790  77243  77515  66044  90826  60777  76118  90284  83327  76600  74844  74374  78981  85059  86336  67617  97872  76252  85630  74406  58818  84493 
 96227  98512 112883 117396 120981  98061 112840 104461  98773 113042  99833 102509  99205 100688 112255 103443 123398 101795 104911 104640 107093  89014 110625  85619  89522 120487 106148 101090 100745  99721 108177 112111 119433 104735 125928  89690 115200  96937  88373 104662 
 93772  88380 112679 100939 104978  93952  99320  98763 100399 102771 100733  93701  96958 105480 102763  99423 114802  92206  89047 107421 106981  88378 111829  90501  84062 117925 105599  90761 109507 101948 100477 108823 113892 107696 119923  84058 103058  85427  89836 102695 
 99432 111564 126040 120520 128301 112627 112510 118419 103678 119719 121985 114554 115938 124748 109876 112337 126692 101871  98191 119715 122655  99301 117950  95954  96310 128649 122341 109842 110686 104722 116879 119868 128917  99912 131158 113205 114689 105897  92213 110245 
 92543  99155 116235 120750 108601 105433 101809 114061 102053 104508 101395 100999  98852 115462 106260 117352 104454 107204  93072 112264 115578  85946 111524  91747  86084 118865 122880  94466  98564 104356 107219 104517 119031  97159 118567 105297 107828  98144  94273 112125 
 90337 104849 128225 115007 126429 114741 117364  96765 112663 109048 112666  99151 112170 112942 118154 119346 110827 110110 106836 109842 128908  90744 133035 100691 103967 130293 120473 101697 104580 105555 119977 112626 123055  92849 123199 105050 120766 108060 101128 112273 
 99964 106637 136144 123450 122982 116375 123125 100305 121469 107608 121992  93753 101768 111128 122472 121938 120419 110562 106582 107599 124544  92720 127954  97417 103004 137191 133329 113548 119702 108513 125019 109441 129876 100714 129515 101526 119629 112267 105331 121528 
 66968  78349  78210  83942  85579  80368  80671  82444  79050  85981  86149  75569  77300  87087  81906  74108  87250  70367  75396  88718  81604  72609  87650  70801  64481  92686  87383  82341  83461  80735  91965  87459  97918  74519  97241  80804  84906  73574  58358  82971 
 82121  95419 110963  99600 107046  86122 100435  90201  89688 110511 103868  90222 100748  93708 106942  95338 100194  91193  93514  84576 105511  83138 105568  78481  85911 109873  96800  96377  93595  96198 102754  91986 110477  91418 111485  90181 105479  85978  88824  95010 
 89770 100986 114311 110035  99765  95676  99511  98205  95810 111266 109827 102081 109926 104028 104996 106605 116085  92626  82963 105608 113598  87876 104748  84915  85569 120191  99046  93397  98945 106468  99252 100552 106698  93664 117550  92477 105122  90797  89863 101686 
 82231  85765 101611 100959 105278  98876  94034  96573  94608 108528  89634  89910  96255 103284 107737  92811 102957 102221  88043 104842 108060  83411 103325  80938  80876  98806  97281  88336  86481  94349 115564 101438  97779  88735 110147  92232 104835  77393  82158  92578 
 94472 102337 117334 108194 119267 100584 107962  98978 105375 119573 100262  95567 110948 109039 114294 109011 116403 110852  87168 105995 115594  88356 116262  82398  95982 113315 117130  89756  94393 102213 115967 113083 116548  94635 121163 107210 110746 100156  90588 104098 
 92937 106133 118071 113105 113677  95977 104030 103551 100974 111854 107150  99010 103252 116061  96708 109803 115993  98527  89098 105814 104217  85814 108175  91821  97645 112176 109523  97678  95388 104222 110043 108153 112953  98115 118770 107295 101648  96506  89538 116070 
 86209  98190 108945 108652  97843  99254 104604 101894 105283 110373 107800  95449 105511 107905 111516 105856 116079  96665  90848 108111 102896  89379 115381  92021  94243 110933 115052  93033 108785 116019  99795 104918 119062  95019 121170 105246 106484  97770  88779 109226 
 86486  84551 111911 108708 105043 100989 103865  96467  95190  93930 116947  91012  93295 108435  97397  88573 120484  93056  86505 100278 105146  75813 103880  75369  94059 115504 114722  93695  92473 103423 100190 109736 109104  91154 119590 100026 109829 103600  74146  99254 
 79692  93464 105929  94287 106945  89408  92282  96601  78229  93658  88039  90359  90004 103456  92071  97129 103728  86637  85847  92412 108186  86180 102988  75148  78537 109123 106657  91886  92983  92079  94031  94417 110123  78528 105829  89362 102972  86619  79301  95880 
110679 118781 134995 130768 130401 115114 123236 120129 114745 121307 124420 111702 124527 126277 126192 109714 136291 112533 104153 112399 129015 108458 137082 100919  95587 126479 117249 107688 114628 108072 119922 126459 132330 113710 146491 113044 124170 108526  93204 123850 
 79110  75249  95558  89111  86563  80229  79838  77097  76118  87469  85477  81649  79953  84036  85052  83722  81781  79320  75021  86830  96901  65014 100782  67557  74469 100989  77259  78248  73707  85240  85285  77645  90418  76216  91190  81086  90994  77034  76258  86439 
103587 108705 125322 122179 116110 100780 111996  98892 103038 110768 123672 101521 116735 112139 111527 101833 125912  97640 106092 100256 122488  97340 132609  85850  99051 133016 115209 102708 105791 110237 114456 111905 126532 103731 135066 110919 118166 110372  95298 107981 
 83740  92701 102483 104791 100584  90889  90660 100929  85632  92630  94273  97082 100049 107870  89312  89468 117275  94416  80973 106951 103266  80685 104929  79743  87168 107981  91560  86459  80653  99734  99703 104236 100535  84759 112150  91502 105101  91696  77509  96829 
115959 106622 121947 124956 121968 115334 108734 117606 108600 123091 117695 113779 111906 128367 116601 100982 135466 106460 107909 127316 124560  99699 131526  98974  92302 126313 113804 110805 103128 115961 123329 122889 124065 110258 139791 118324 112443 109072  91119 110898 
 79177  88853 101857 108890 103975  90710  99857  98115  91129  91160  89154  97147  96255 110585  85109  96240 106947  99200  84097 109706  92730  69262 105569  84840  81082 113024  98004  89413  80144  91664 103040 105453 101315  88478 106296  86384  97812  94989  75825  99085 
 92047 101231 118793 119174 116516 111232 117238 102658 116893 112939 119939 100211 118128 119126 123198 105813 119881 105077 103956 117673 125696  94133 125662  94647  96145 132392 123710 106713 116762 110864 126016 117131 125066  98817 132285 109526 126403 100312  94456 107179 
 86738  95680 107458 115260 103777 106781  96492 108934 101212 104139 114386  93828  93166 114292 114555  91937 102264 104216  90492 112455 107812  83988 115981  81700  80563 109040 115606 104621  96946 112622 116012  95506 112717  87538 119161 107358 107228  88824  77249 100353 
 88067  95137 114411 105771 112559 103441 105533  93081 108823  98749 109770  95968 102808 107338 105796 112318 115312  98079  87850 105990 118534  92489 113871  94666  88817 116635 119113  92493  96666 100349 106403 112731 113914  86889 112656 100269 100055 101803  85147  99055 
 90537 101267 118030 115703 123624 106540 107568 115210  95437 102027 105323 103438  98602 124647 101303  98728 119896 105896  92039 115257 115065  90234 117749  86054  94030 117243 109220  99017  96851 101044 113503 114876 116663  91627 123180 101867 119244  95803  78360 112857 
 97658  97761 116819 118957  96298  99089 105912 100714 103068 107149 117761  98602 115456 120189 112297  97997 105953 102449  87214 111288 116394  88260 120945  89219  78039 120965 109790  96224 108035 109935 104329 102627 111436  97780 127027 101637 103348  96041  90600  99001 
 96216 106609 126408 124818 124063 117529 111339 111150 107921 113027 119361 114356 113073 128300 108872 109918 121708 104007 101542 130284 121963  94264 134375  99027  98719 129384 124987 102049 103913 113534 126342 113224 128278  94212 125873 114771 120769 105797  95724 111083 
 98650 104048 122626 126498 122772 113163 114322 116689 104470 129558 120027 106617 104485 117007 119323 110971 120097 106083 105681 113916 125077  88537 129945 101591  99954 119036 115408 108939 106642 116587 128586 109822 129529 105388 130622 114724 114764  94625 103141 111048 
 87794  94137 110046 108703 102324  93820 114899 104008 106232 111839 109390  96526 112818 117624 107723 104347 114010 108537  94173 110656 116897  86948 116041  91560  98331 122578 104122  93519  95304 111378 115070 115751 111772 105743 119064 107728 110826  95567  82690 114960 
 91335 102630 109850 111990 111029 108013  95077  93462  95457 104083 114197  99826 103036 101434 111153 106132 107019  94002  90062 103501 110606  88933 118308  87501  84596 123925 116361 107664 104239  98922 103410 104192 113833  90581 125983  98148 106220  98813  88299  97583 
 98118 105364 121699 110207 119691 101879 106675 101501 106260 115681 114210 102636 111581 110641 110024 109630 115294  97598  88413 106355 114148  90971 124522  98027  96273 121130 113971  91795 108444 104559  96312 110287 124442 102117 126801 103791 107286 100704  97203 110776 
 70384  85084  91144  94675  89602  77432  93759  98013  82496  95251  88450  92106 100170  98630  82017  84543 101816  83223  78528  95571  91425  71629  92923  73583  76021 102566  89058  75336  76759  91166  95317 100036  97022  82985 107411  89278  91161  86539  71481  83963 
 91555  95700 123093 115193 114013 116087 112862 105419 119907 115964 109073  94217  98460 109022 113582 116570 122137 107784  99467 108565 122701  90160 120792  90403 100692 122491 124443 102385 103761 105996 118499 112312 124677 103767 122202 106092 124160 101906  97533 116033 
 81690  94159 124824 109218 119980  97428  98955 100053  95093  97003 100897 100508 101193 105136  98663 105660 113451  95340  87035 103376 112669  88643 109420  86018  90816 110372 105299 102196  94238  99762 116360 105731 122483  94351 114298  90980 116765  93018  95556 108707 
 75128  87317 112325 104642 110305 101845  97991  99722  90707 107112 106020 103381 103792 106701  96103  97859 108705  92766  87061  99691 104584  84639 103493  88938  87639  99712  96203  87220  91723  99150 103319 109794 105288  93153 111770  95197 104461  88141  81372 100061 

