  113834,357  111852,978  129416,772  137252,599  115518,267  118300,921  113633,608  112397,179  116595,893  127958,822  109917,841  132976,512  127746,971  99697,421  109562,620  111558,359  106277,843  119695,346  125976,646  102348,836  119941,658  103169,559  126541,645  103359,737  112328,189  104727,369  114662,767  127181,684  107407,274  101272,092  118876,551  114437,858  102010,027  117318,803  121073,417  117052,461  127115,591  119470,592  103897,611  113113,347  117767,551  105737,714  98288,509  114005,568  117247,766  108596,546  137803,759  103686,384  100097,101  119754,885
  123448,902  103789,543  125257,039  140294,917  109115,576  107227,925  112812,057  100041,445  118764,136  120620,603  121459,157  121396,096  132893,756  102519,706  114512,064  123058,287  107738,386  114269,396  122997,597  106252,249  122322,026  100676,522  127824,113  119654,970  111451,267  91964,039  111988,344  99165,881  111203,670  114341,369  122429,360  148110,208  108799,237  110902,888  143777,841  113423,280  127483,790  120801,379  108116,101  103332,623  120075,388  109118,688  111293,603  127273,599  116400,005  110322,569  124611,270  112794,495  109437,171  112374,054
  118786,129  121823,561  126397,585  150986,829  118493,554  119358,324  120277,803  113797,964  132130,236  124883,109  115099,466  127599,772  135248,755  105043,799  117954,102  134048,416  113509,140  112470,216  118204,530  118957,310  122967,186  100409,899  127482,073  122116,309  119297,191  113673,176  109952,790  120184,535  117142,446  109177,363  126625,455  130028,110  96454,548  109742,490  133222,828  123443,720  130353,526  123231,482  113125,546  107626,426  127570,431  110279,402  115530,156  119186,493  121136,160  130519,278  150891,298  113958,733  100657,952  114406,211
  132168,601  125897,772  148841,216  155845,880  121914,561  127156,968  122866,649  113016,736  134557,678  137192,729  131386,147  133956,909  153852,218  113326,042  136303,869  131285,053  112305,367  121586,889  135411,254  130980,476  130814,662  109329,939  142933,864  135772,222  124785,581  121341,837  125271,057  135986,079  120962,847  128699,735  143681,198  147363,878  118382,218  118111,387  154298,376  122236,080  151214,886  145875,219  128006,097  122544,139  127928,226  122736,544  130318,288  137936,879  124550,543  128755,738  153324,001  123562,792  120333,576  128757,952
  139245,916  129656,690  147598,857  150819,283  131443,311  125619,557  140105,746  110599,167  138951,590  154882,493  140216,366  152687,690  157037,298  112073,566  137879,814  131759,497  114446,277  126450,524  139210,049  133094,829  127560,632  97042,417  147714,999  129211,094  124505,863  123342,969  117233,662  135942,041  117655,084  117574,083  142974,904  151882,759  126358,543  131344,403  142785,800  124860,060  159961,308  147858,065  136366,788  117336,510  138432,034  125446,348  124354,754  138681,673  134085,471  123753,157  162121,472  113893,354  105773,846  120248,264
  99895,847  94142,147  100434,418  136511,603  104820,537  115985,955  109427,851  91750,111  102019,950  104243,117  101871,008  111175,730  115430,614  102656,576  100185,684  111399,378  102122,768  94867,360  113402,643  98481,298  115855,745  95132,227  122585,253  104201,260  100135,586  92487,296  104742,339  82214,919  101466,483  97846,779  106994,153  117547,866  103412,965  99833,817  119536,071  107122,984  121549,247  106285,982  104614,183  91465,062  110372,362  105748,173  98939,362  98036,007  103342,608  101484,264  122924,068  103261,125  88098,276  97074,133
  131707,259  125507,715  146227,720  167755,743  137889,068  131864,840  142179,319  119138,966  140263,317  154658,671  141734,473  165439,183  160549,009  117758,882  130309,088  136628,366  132252,877  136260,358  152166,116  134331,683  142647,490  108060,798  151378,983  127776,710  134422,852  112587,394  139132,484  140354,468  132700,236  126540,625  145065,650  152920,045  132187,323  131541,405  158018,052  145104,358  156803,998  153613,852  133279,408  121245,484  143572,261  135945,085  125677,318  133474,393  134738,278  138988,852  165456,317  132002,996  123699,195  136118,327
  136516,822  117332,600  143039,628  147648,422  119379,086  127602,064  121403,955  115700,837  134978,539  129071,459  127339,967  138774,549  144017,336  109260,212  133139,054  142648,276  128859,379  133043,392  122559,526  117600,773  122270,408  104423,903  143501,431  128561,780  121770,487  120655,732  112294,613  132407,985  122670,811  113565,319  140286,418  143986,010  113453,468  124204,774  145544,290  115276,826  143576,576  137669,352  124535,193  116557,938  131845,446  118259,705  117499,439  127998,830  133126,685  124140,481  147231,511  127358,609  105237,691  115486,245
  125376,017  121403,672  130364,461  156622,211  129929,793  126784,206  123535,655  114255,601  121675,630  125572,482  128277,180  127064,212  137949,500  101020,158  111454,567  123102,772  121020,117  121272,298  123585,490  109589,300  137010,199  106443,183  135268,540  123729,812  130951,274  102265,186  113048,536  117937,577  125482,230  109949,481  131980,146  150829,343  111605,143  122288,285  154946,782  130443,630  136571,228  136648,469  122673,355  110010,904  118427,522  120547,028  126500,000  122359,900  127120,060  131643,956  140613,599  115880,718  121729,186  114018,106
  132690,893  127070,404  130081,468  144622,404  119506,718  128027,568  123816,982  122409,530  126962,650  133997,391  129147,145  124315,635  140013,727  98230,034  122047,553  125333,522  114542,724  117598,793  120989,221  112614,537  138635,199  107106,400  135748,549  133255,137  130278,615  104716,706  138699,437  127299,258  112240,232  110132,441  129525,819  146647,055  97075,755  122827,963  156725,590  123789,407  143887,735  138070,260  134153,512  120818,771  135767,989  104069,290  111230,568  119117,611  120329,310  121218,163  161953,648  114857,567  105452,044  113636,516
  127078,200  132542,682  131061,931  145260,095  122216,578  122701,842  125001,923  110782,048  116793,969  123333,171  123332,148  124446,853  138722,677  98890,043  122871,618  116197,069  118897,668  113624,201  125104,204  114639,257  120670,836  107952,279  130115,449  120623,672  120648,948  112352,802  114467,162  126504,895  117724,963  112637,703  129926,540  136013,226  112560,982  120052,636  135596,063  118771,949  139101,171  126755,543  119813,922  110011,307  119837,436  114576,628  119987,758  125542,126  125864,314  114301,094  144330,112  113500,700  113270,918  111134,272
  119691,132  115438,238  150396,250  161973,261  128899,675  133042,013  132101,945  105803,241  129096,492  142562,165  132866,575  149047,198  149551,909  118552,822  125027,910  129299,854  127351,362  114317,643  133434,926  113582,468  140917,227  112698,294  144868,167  134131,755  125470,511  109620,731  137593,539  122868,350  126871,693  126434,444  142166,596  151775,368  113636,260  130800,415  148408,212  134520,310  152329,632  143215,259  134654,268  125868,281  143048,290  126698,709  134410,436  124688,492  124131,818  129408,155  165406,183  121129,632  109351,195  132212,712
  135011,386  126064,719  136627,133  148535,444  109306,609  119991,798  125154,769  116105,518  135790,739  131745,665  135989,749  133746,263  143854,181  112673,315  124127,708  132713,756  108125,184  124811,562  128765,128  118433,091  123696,251  103411,434  126263,080  130854,530  120945,435  110347,381  124156,224  129390,001  112469,980  112784,103  141484,544  143621,671  116445,099  119018,356  139514,736  111323,139  144983,721  129483,541  124902,439  119020,756  131032,834  118940,075  116678,887  129830,316  129087,507  125533,822  147231,592  116038,792  114503,511  119886,076
  134432,330  130805,705  146258,832  157923,633  131865,529  129542,797  139166,269  120724,753  146632,868  147417,570  143923,016  148917,642  150379,784  112629,933  139045,258  137415,235  126569,654  138772,892  143444,514  127544,964  124250,094  104146,853  150141,931  134240,442  140635,535  122740,973  132946,043  140066,478  124452,362  122745,774  145193,184  156385,199  117371,751  137063,642  151851,350  130979,399  147197,927  145193,530  133220,595  124502,370  136482,232  114671,357  126638,822  136295,378  134782,337  139626,561  153652,565  121956,501  115894,079  133800,499
  120710,821  120056,341  139438,730  138880,993  125368,282  116836,458  119927,516  114382,366  123384,606  119053,844  117918,353  124469,473  135295,317  100510,489  117230,517  116866,932  111083,466  122150,302  110095,937  116661,971  129926,806  104376,286  137359,782  118504,344  119064,382  108564,012  114663,952  132125,971  117052,961  108309,972  127995,154  131822,958  102352,460  128270,592  138375,351  116973,280  130993,054  134978,914  110449,685  125442,032  122488,098  113570,008  109514,979  123934,346  115578,698  124345,460  143335,411  114485,395  102979,518  112967,274
  123986,362  118471,597  135542,995  153389,508  128766,478  121010,163  132419,500  103382,305  133747,918  150939,044  139025,343  147388,000  155837,102  115569,217  124909,374  130719,277  114683,334  122050,959  136173,809  128423,579  130154,744  93743,991  144658,899  121935,874  124659,305  110568,125  118569,595  128895,790  115975,965  110661,002  139559,687  147642,893  114600,666  122529,867  140546,425  127058,897  149515,397  137012,554  135559,790  116723,957  134415,487  119740,480  128650,062  128462,145  126778,386  119977,744  151988,029  108387,242  117006,416  131785,716
  144610,824  137000,812  150672,387  168375,277  136661,324  148352,035  143300,086  128493,257  139632,547  151622,037  135429,187  148562,759  152272,688  125339,402  135175,759  138453,453  134347,192  138977,233  139523,971  125945,377  147328,817  125579,081  156364,144  134788,971  136172,939  127763,194  138833,942  154060,969  129443,927  121758,598  146103,880  149972,049  124612,694  126212,447  161745,746  144203,698  163043,997  152052,031  139187,954  126959,802  145413,200  136578,054  134758,649  143466,402  131152,227  137090,633  178417,120  113888,410  126900,916  131811,775
  130336,541  118907,892  135923,287  140639,623  125022,971  134675,664  120822,783  114774,534  126291,003  135654,476  126525,581  143844,342  144346,139  108328,683  121657,745  125894,388  120455,358  120882,312  137155,371  107987,400  127884,535  109744,207  122685,701  110838,523  112673,771  107910,206  133746,176  126537,191  109410,179  121287,772  127897,673  145736,104  114364,127  118419,083  143230,054  127888,286  149068,104  144638,537  120564,802  105818,564  138698,432  123612,620  110780,267  120726,074  119912,448  117161,508  142245,049  107275,624  109150,654  116849,897
  130870,147  122097,604  125275,485  154880,862  122436,609  123765,062  116266,149  123214,496  130458,013  137920,244  127885,989  140064,779  146498,577  108637,260  123226,028  134106,877  116103,789  123920,237  129015,479  126062,537  124898,413  109384,445  139833,238  117661,030  117225,570  107298,700  117369,326  122196,568  123818,720  116652,112  130886,624  138965,848  123827,704  123409,069  159448,769  121969,950  148009,403  128612,401  116982,693  108859,081  135105,499  134102,164  111657,241  126816,756  124835,973  119920,101  149090,376  114017,227  112106,522  115096,563
  137280,954  129294,849  152754,872  155522,609  131294,421  137755,667  128192,754  112291,925  136765,805  137020,324  137820,564  151259,002  149819,941  120010,262  129618,593  127893,984  129742,601  130670,667  136668,336  116596,921  142912,970  113164,210  131411,439  135274,918  128179,931  113664,478  133362,672  133884,246  131782,791  138145,380  144842,501  157846,671  125835,601  136070,517  146963,237  125246,379  156772,330  142219,050  131506,199  130696,984  142249,483  124735,908  131269,717  129388,707  121493,119  131149,530  145670,926  119754,108  122872,211  139852,171
  130621,096  120389,794  136447,285  143469,649  119773,284  129647,785  130849,895  115842,246  135601,612  142591,164  133318,904  140563,955  147393,675  104882,625  116781,334  131760,909  109519,501  125058,691  132667,297  123120,025  126492,725  101407,698  139804,265  136281,789  131663,152  108719,036  132389,326  123324,748  111725,555  109554,992  139572,651  143513,732  111215,960  122329,904  147648,763  117482,847  148568,636  131835,337  131595,693  122134,154  131530,391  124166,558  124543,656  123285,791  124374,265  118470,387  158428,445  113650,775  107950,650  123835,481
  99376,979  86301,538  102009,655  114802,827  89539,026  87171,980  98670,780  86897,498  97916,829  97168,790  86613,412  107111,308  101675,673  86973,364  107487,975  99507,607  80561,638  88019,690  85242,404  94510,079  93938,558  78669,779  104839,459  98046,593  80053,421  86160,224  82146,004  97001,828  82623,685  84972,534  96110,945  109558,405  84852,640  101466,254  98273,869  89499,142  111426,008  104845,251  91624,061  93988,028  106691,227  87013,779  87608,619  95787,155  81372,532  103634,075  113742,681  84740,906  69525,782  95994,085
  131089,441  131018,806  133587,289  148121,796  114580,742  124214,954  129151,204  115956,478  129572,872  127968,182  122781,767  126270,764  136182,585  115087,028  122812,625  128413,354  109651,391  120797,737  124868,218  114238,723  129690,311  114828,695  130220,309  130725,497  124411,009  114624,150  125125,942  121894,223  117639,835  117014,894  137033,748  134710,365  112130,223  125283,950  138631,335  119506,495  144123,165  127739,806  120049,716  128125,243  127670,946  104492,858  111913,517  125192,431  122377,234  122906,848  151540,812  118479,599  105437,636  123029,139
  128229,145  127214,032  127142,801  133915,845  114855,814  129942,605  117264,663  107153,658  130808,783  130250,849  121275,477  130420,300  147327,719  118085,326  130572,448  130643,955  120743,273  114955,083  124629,903  121006,181  128946,741  111259,274  141654,192  117994,538  114019,393  109484,879  121404,298  117196,100  118353,897  116820,137  130681,603  138400,606  114714,349  118940,800  143843,977  122733,388  138574,551  129208,923  120101,748  122431,073  137853,016  114074,379  118962,469  130441,683  119021,737  115145,326  143542,723  117695,518  103493,427  117168,068
  133064,895  123426,533  134841,545  151877,356  120153,212  126050,162  105549,767  114642,522  126070,739  134890,600  132358,791  141012,493  145758,118  102097,392  131856,193  138627,569  127174,044  127428,971  133503,677  116197,344  128156,904  117368,413  131726,939  121176,092  118348,149  104567,366  127671,129  135564,571  121450,934  120689,877  138070,013  140658,268  113201,863  123291,074  163171,357  116455,096  150315,897  139159,920  122295,087  102499,518  129320,194  128940,189  129196,192  132656,239  125606,812  120448,888  142240,552  122865,214  120021,838  124381,630
  123021,621  117929,929  121403,363  149161,772  122926,593  124327,323  120597,908  111780,106  123416,059  130326,768  127472,891  139572,557  140757,488  99101,946  120781,430  127473,002  116877,656  118282,143  132372,855  112062,327  125777,696  107984,793  136504,643  114747,044  119096,812  109367,033  135237,401  119808,452  108623,195  118272,035  128760,599  136940,919  108897,398  123423,766  140773,667  114493,150  145000,934  133061,800  122505,473  106218,310  135422,074  119611,900  118477,045  120390,796  118822,622  120368,380  146558,866  105327,495  96691,228  121273,511
  132852,763  106615,702  127846,563  153611,563  120774,597  114010,538  113346,248  115234,017  123875,163  128352,845  108919,711  144489,315  132631,459  111032,749  126129,518  135572,679  106808,925  122639,638  124809,433  107677,762  131108,984  107340,500  132580,355  124527,316  103156,164  105143,907  115008,447  118554,981  113844,248  110119,094  128373,399  134987,008  117816,208  120653,371  136512,349  115033,352  145413,936  127150,915  127532,407  111329,481  138794,931  117614,084  115919,863  117526,620  114933,808  112752,104  149717,581  103954,055  100232,680  125878,377
  129553,326  133795,253  140718,809  159598,788  128023,292  140823,253  138194,066  129731,684  134531,840  138568,214  142218,950  138491,163  151069,362  116778,826  132985,307  132322,249  127042,798  124350,886  148612,908  124712,728  135407,125  124811,129  138941,625  124695,596  131060,492  118616,976  142188,024  137864,113  118882,951  124629,191  143313,466  141152,004  111752,670  131750,360  147836,755  138754,530  155962,852  136249,528  127098,578  123130,381  141898,689  119827,064  115601,907  136300,241  125859,574  130426,246  153497,577  121190,874  114942,690  128046,528
  128618,156  109718,509  133869,519  144852,170  110997,252  120488,772  111815,158  105923,924  123039,492  126511,640  132404,906  132104,789  139092,430  101205,401  129310,515  125878,063  120634,297  128521,496  120744,433  110711,789  125004,937  112700,668  137957,006  126461,951  113278,374  104217,700  119399,580  126282,219  115271,409  111750,044  135290,170  142659,040  110152,799  113829,606  149617,866  113642,560  147284,655  132172,558  122858,854  106994,699  123493,054  119417,787  112616,654  128576,258  116568,928  125922,846  130459,916  116507,584  114115,038  112909,789
  135982,313  127143,651  145710,052  160174,865  122773,908  138664,145  129605,792  122230,138  130442,185  141527,305  146764,580  146281,637  154974,955  121302,755  148556,351  139999,481  127541,118  135756,868  127831,255  124291,743  130107,115  128598,894  151692,028  142241,526  124627,605  122397,710  131786,227  143372,302  133998,868  118655,295  140197,507  148554,831  116553,950  130015,395  161524,947  129662,328  155674,139  134615,032  132421,933  119131,173  143929,135  134646,227  127672,127  134058,777  123324,285  133354,583  149437,300  124945,269  121579,540  134940,335
  145515,839  140891,063  156165,250  190412,852  141783,790  146475,365  154550,463  136195,534  148953,571  152291,843  150165,613  164534,544  155825,230  119310,464  145426,862  132860,509  138637,935  150797,795  165031,497  133138,804  151508,933  129795,143  167896,281  137541,138  152580,391  126364,457  150820,924  150951,278  134927,487  127473,413  153584,622  164673,562  130539,318  145966,376  166402,040  146808,347  170678,771  156040,468  147354,731  130704,101  153673,846  141637,816  131082,343  143105,975  139932,625  148422,363  177241,375  136053,177  129373,456  147721,185
  125116,721  107568,068  110874,351  128030,366  103216,208  103288,723  107682,935  97113,340  119547,443  111031,688  109238,807  120343,569  121932,772  93791,055  114421,213  111035,463  105220,250  102825,784  113422,429  96710,953  111551,481  93533,218  115898,315  111798,255  106746,601  89970,344  100997,000  104546,446  109403,915  95935,633  117353,384  128274,122  100606,551  108889,241  131010,929  102073,228  113057,342  104117,810  105371,035  104306,012  121492,742  102756,326  96134,841  103713,422  105152,378  107522,767  127028,565  98000,695  95245,111  100409,400
  121880,774  104194,577  130370,432  140026,656  111591,344  109975,543  114667,430  92680,743  121688,468  130596,942  121928,637  141224,772  133728,873  102961,160  112111,123  110933,228  111269,406  111901,975  119258,011  107064,427  120977,241  94935,606  126813,368  104752,194  117511,020  99690,220  115883,103  126037,870  118662,155  103084,775  131268,871  125979,241  103111,411  111026,347  135008,450  110429,914  134001,735  122438,327  111852,071  111293,648  133572,715  111525,105  106024,569  113439,756  108686,738  113842,550  136333,473  113786,849  106612,931  107949,426
  153764,938  148312,940  161336,638  180584,679  144242,008  155091,131  148147,873  136458,401  160660,122  156439,234  156675,500  166821,024  169969,442  130168,871  143377,420  154172,985  137659,371  150274,666  154858,946  130593,723  155870,480  130161,527  158444,265  152197,140  148608,460  134297,936  156393,510  151219,189  144489,809  142225,306  165532,995  167082,192  126548,163  140978,157  171501,200  150719,410  173642,398  157214,398  147459,636  146405,998  157443,353  143619,023  153535,408  148260,401  145370,741  150526,900  176366,822  132968,605  130467,397  154465,299
  120262,597  125660,158  139634,589  153100,719  127358,414  136770,944  129983,007  109931,734  116890,222  131454,979  132304,843  134903,404  148968,356  111004,465  122976,637  124659,864  120096,560  115662,708  130223,037  127731,439  126490,380  115125,918  148377,039  128397,346  132757,511  109055,087  128153,694  126372,104  121660,454  124268,483  139200,466  147270,438  125716,160  128989,049  149884,033  118135,305  147172,028  135020,229  130309,936  115751,039  128077,344  133593,681  129260,410  130045,903  126076,101  125633,919  149850,489  121709,281  115069,797  115732,426
  151939,638  142524,550  154195,549  168591,579  131625,979  151090,091  143044,920  140355,650  156816,348  153077,981  144760,324  159029,414  157523,235  119854,846  149155,883  142500,520  139627,356  144410,624  152546,637  133542,475  143334,337  117337,912  157449,558  140276,583  136755,405  126880,413  145914,975  148874,363  131505,465  131811,639  145546,562  158706,744  126451,146  141791,664  168499,031  138220,416  163247,038  155607,771  139016,771  132641,477  158227,027  136435,199  119030,390  143204,797  133283,383  142710,494  178293,936  125620,715  117354,833  131849,033
  132240,825  124857,901  142349,638  153314,906  129591,047  132736,626  129791,778  121932,837  128553,478  132927,583  133413,292  138764,254  146566,349  108938,818  124355,768  126754,509  133100,297  139949,485  129653,860  117288,164  130793,476  108228,421  139769,148  118980,857  123584,869  109801,774  118506,280  134594,806  120138,141  117519,814  135373,502  142011,818  117358,988  123012,172  151683,248  139462,900  145109,476  145231,784  117427,522  115136,062  134221,021  123778,824  115890,432  137884,881  123191,004  131519,128  143853,929  118722,315  127217,388  123105,370
  132571,981  110905,517  145017,296  147245,295  134402,459  113455,436  132065,872  111666,436  136243,446  135580,027  123606,531  141183,105  146279,115  109695,511  124170,201  138909,306  120706,245  125656,784  130143,690  127067,529  128085,817  99813,361  145510,372  121446,578  121934,987  110323,543  113819,590  132081,632  123158,377  112022,806  135798,418  146013,322  105359,387  115158,142  140454,809  133753,162  134966,162  134810,013  126649,704  117370,337  133860,940  119017,588  123229,463  128543,813  124672,798  126353,432  153283,909  109097,040  108120,260  122265,802
  127282,915  120330,801  132333,564  149189,916  115978,728  135166,189  119409,275  114592,393  125188,609  130430,356  131645,852  128721,893  135397,203  96584,593  109150,384  122216,671  128244,037  125598,486  123101,853  102011,364  129068,952  100022,076  126863,427  122451,662  119213,225  103209,722  125574,124  132148,496  107947,016  109507,570  131527,641  136976,544  103866,813  109419,304  149848,630  118126,663  140493,799  133090,129  111374,101  105086,537  125038,447  124333,070  109257,803  117509,689  126385,434  116856,305  144465,816  114464,351  119369,427  115135,715
  128227,360  127185,126  139482,670  149370,673  121315,211  138451,540  126716,674  111394,409  121974,926  130448,694  125636,777  133111,646  134121,651  115346,294  130107,799  115437,612  115323,604  121163,376  133159,769  116254,434  130923,476  114610,348  143933,163  129129,074  132037,888  108929,865  132558,948  127004,489  125608,038  123498,838  138176,833  135450,209  115548,089  124350,325  144371,803  126091,534  153664,659  138626,599  136723,394  134406,760  127404,949  119655,334  121469,318  120819,624  118988,771  129279,011  149512,643  119556,661  114705,164  124477,292
  138810,573  141004,839  148771,664  165564,393  131621,085  145896,734  136748,005  125931,824  140436,050  153763,381  145158,410  155638,770  159506,624  114479,016  137642,591  133110,173  142194,496  134604,096  144817,146  132710,070  134889,009  109475,835  154195,446  124611,677  145459,868  115278,865  141416,656  144311,549  130791,684  123757,204  143551,730  148098,031  125844,879  139349,819  169981,866  140714,303  160093,992  158486,304  139121,022  128116,821  139349,599  143404,050  123006,323  131622,005  134453,081  139790,155  174199,263  130316,652  131236,614  131297,910
  112919,114  102551,810  108077,255  133768,561  97217,782  103440,533  111180,276  93217,593  109981,267  123482,922  113735,053  122569,285  125333,115  89350,114  111960,928  108558,277  93569,422  101900,180  113215,255  98371,770  111645,572  87515,716  126347,707  117883,582  107899,118  93655,282  112670,714  99551,016  95665,079  97036,730  115895,287  124352,461  97600,045  122060,397  123237,241  94346,681  130534,122  116792,531  108068,541  107735,190  107080,883  102269,912  104899,671  110099,567  101459,291  111166,456  135306,558  97947,033  92582,498  107115,664
  138375,880  136255,537  149556,950  165461,394  138774,001  136615,711  134009,468  126366,952  140333,257  148853,046  134615,999  148890,600  157673,254  112461,665  124192,265  134466,720  139064,763  130131,911  142096,000  126406,198  145929,498  111493,367  150393,149  123549,222  138401,028  116065,853  137130,865  140542,108  129525,349  128062,653  142767,071  157434,973  127206,938  142085,158  156652,665  136159,184  152593,233  146722,536  123833,147  129220,159  139734,503  133334,884  126715,557  140216,621  133888,927  135838,277  163553,735  129067,962  125696,063  123612,312
  132134,467  119632,466  134968,753  153431,411  122157,697  135924,424  123269,535  113943,369  130664,477  133155,377  131223,165  133281,127  146496,616  110615,210  128151,024  130362,870  127626,057  128331,223  142699,547  115681,231  132438,026  105066,161  143603,800  115900,459  129221,601  115672,132  114714,162  123611,982  122028,955  112559,960  129624,962  141715,430  108057,691  121931,878  150424,454  131150,845  139760,834  132322,830  122410,429  116339,443  128275,937  120564,155  110311,634  120592,696  125701,511  125719,756  148336,643  123791,232  111122,292  127503,586
  128981,351  123632,837  135315,041  146958,327  121352,779  135245,026  118980,124  121650,715  127916,049  134971,734  129873,717  129010,448  134573,051  112743,851  126564,024  126693,414  120879,773  123054,637  134202,712  109750,771  129727,819  103610,963  132834,864  117466,772  122695,984  113667,873  122957,010  126230,873  115114,709  118372,965  131246,642  139234,429  106940,160  119411,540  147752,360  125303,807  148910,187  138612,692  124822,416  116777,204  132373,889  112399,526  102196,381  116280,021  124409,282  118113,385  145136,435  116440,803  109565,519  121313,921
  166773,507  147035,434  155111,909  171944,189  142319,421  141649,843  138545,321  130135,371  161207,477  153560,507  146630,332  166345,670  169516,726  119710,441  133815,040  151596,312  152040,962  149080,890  151324,760  134969,383  152965,117  117681,517  154029,244  136561,863  142836,484  119808,602  145551,827  163682,472  134637,048  134965,849  166064,069  168111,512  144433,401  141784,944  169721,635  132779,215  166075,996  159520,686  129009,394  132175,945  152215,289  143786,848  150696,977  161760,273  151594,834  148318,150  160739,336  134984,524  142412,215  141893,797
  123547,230  117249,015  127945,262  139268,075  119993,810  118374,733  114616,814  107544,076  120564,690  122870,317  127772,400  129991,430  150214,198  101158,559  118415,728  120481,250  107840,602  116095,690  119734,791  115216,933  116541,279  95326,415  128222,919  110377,615  112946,952  114766,467  107426,968  126092,351  106810,589  111111,258  131547,659  130548,061  118952,104  116325,506  127938,881  110653,814  138415,418  125422,570  120897,151  105950,057  124920,708  110958,086  120519,449  120481,581  120908,642  111985,536  139758,742  98730,102  102185,320  121838,166
  130008,129  122391,631  134303,063  148335,011  131205,427  122474,663  124268,974  116811,677  128770,774  134881,065  141584,325  148862,657  153420,503  112083,477  129922,918  121072,174  119304,903  119765,007  137927,181  108592,005  121440,886  103826,836  130266,052  111177,907  123923,616  109867,721  121432,316  127654,240  111682,770  117390,542  140314,243  138786,574  109747,527  132266,402  142817,501  127965,095  141728,266  135730,463  116918,617  116724,855  138259,249  113185,405  110699,560  122992,057  118205,927  126144,398  144483,599  103405,777  118501,215  120231,020
  132739,935  123709,706  132960,588  143323,555  114427,239  136755,445  126518,393  114652,600  127260,851  143713,147  129697,796  136055,233  145330,355  118404,235  132930,382  131953,053  112095,820  111903,340  130669,108  121088,026  135258,718  113910,570  135856,937  130647,437  132021,860  120280,891  133260,644  128234,554  119841,526  109551,077  136057,349  130164,331  97326,158  125971,876  146272,603  125949,179  148850,605  138947,839  133693,727  128711,368  135528,106  112972,317  119130,356  126328,396  129012,122  118772,427  157261,630  120851,650  105860,822  124331,949
  128771,956  118838,268  140890,990  133388,294  121636,203  122863,793  110284,001  108258,751  129102,128  128707,311  128651,010  137266,672  142671,500  105079,409  109796,618  126398,488  114828,566  119078,132  112562,625  106468,923  124858,260  86021,313  125163,597  121806,273  124885,697  109534,846  103888,321  127555,194  116560,668  107801,310  135186,786  136828,898  104320,384  111504,838  135139,135  114481,778  134272,237  125278,318  120761,780  126378,775  123902,042  109478,072  118029,477  107933,006  126025,387  126940,392  143314,521  116010,362  111187,423  115560,911
